# Created by Octave 3.8.1, Thu Mar 05 10:09:42 2015 EET <inosens@inosens>
# name: v
# type: matrix
# rows: 5
# columns: 1
 25685
 8555
 8855
 88458
 89662


